ignore this file
1
2
3
4
5
6
6
8
8
9
10, 11, 12, 149
10, 11, 12, 149
10, 11, 12, 149
10, 11, 12, 149
10, 11, 12, 149
10, 11, 12, 149
10, 11, 12, 149
10, 11, 12, 149
10, 11, 12, 149
10, 11, 12, 149
10, 11, 12, 149
10, 11, 12, 149
10, 11, 12, 149
10, 11, 12, 149
10, 11, 12, 149
10, 11, 12, 149
10, 11, 12, 149
10, 11, 12, 149
10, 11, 12, 149
10, 11, 12, 149
10, 11, 12, 149
10, 11, 12, 149
10, 11, 12, 149
10, 11, 12, 149
10, 11, 12, 149
10, 11, 12, 149
10, 11, 12, 149
10, 11, 12, 149
10, 11, 12, 149
10, 11, 12, 149
10, 11, 12, 149
10, 11, 12, 149
10, 11, 12, 149
10, 11, 12, 149
10, 11, 12, 149
10, 11, 12, 149
10, 11, 12, 149
10, 11, 12, 149
10, 11, 12, 149
10, 11, 12, 149
10, 11, 12, 149
10, 11, 12, 149
10, 11, 12, 149
10, 11, 12, 149
10, 11, 12, 149
10, 11, 12, 149
10, 11, 12, 149
10, 11, 12, 149
10, 11, 12, 149
10, 11, 12, 149
10, 11, 12, 149
10, 11, 12, 149
10, 11, 12, 149
10, 11, 12, 149
10, 11, 12, 149
10, 11, 12, 149
10, 11, 12, 149
10, 11, 12, 149
10, 11, 12, 149
10, 11, 12, 149
10, 11, 12, 149
10, 11, 12, 149
10, 11, 12, 149
10, 11, 12, 149
10, 11, 12, 149
10, 11, 12, 149
10, 11, 12, 149
10, 11, 12, 149
10, 11, 12, 149
10, 11, 12, 149
10, 11, 12, 149
10, 11, 12, 149
10, 11, 12, 149
10, 11, 12, 149
10, 11, 12, 149
10, 11, 12, 149
10, 11, 12, 149
10, 11, 12, 149
10, 11, 12, 149
10, 11, 12, 149
10, 11, 12, 149
10, 11, 12, 149
10, 11, 12, 149
10, 11, 12, 149
10, 11, 12, 149
10, 11, 12, 149
10, 11, 12, 149
10, 11, 12, 149
10, 11, 12, 149
10, 11, 12, 149
10, 11, 12, 149
10, 11, 12, 149
10, 11, 12, 149
10, 11, 12, 149
10, 11, 12, 149
10, 11, 12, 149
10, 11, 12, 149
10, 11, 12, 149
10, 11, 12, 14
